735088883729170502
740192229527781376
790172939701452820
415941822892867584
598193877966651435
343088739616161793
402465002621108224
398160507045150720
535368154222690305
879711766018400288
401782283973165076
440234791128924170
734801727341199451
288659171379773440
222657466851262464
427140717199228930
397028723309805568
789489612476252161
357624199508000769
881448560846057472
789901041498849301
254613755676196866
582011000530796545
600473853273047056
222359447928963074
661801999049818133
657936363186028572
751169156161994822
491320429269745664
222133050656423936
663135490912026646
571781375984795672
609339654524633089
798606496593477672
1014638822841122858
284322792126808064
719672679803781161
617151258507345931
854440540049113119
980828971056898148
867817154472575027
981259649162567740
755649850581975152
869654622896279622
152683067687960577
754626252874317955
963765653762875442
731338349675020409
950424218129006692
819852791035461652
1031565532702441473
608624721990385674
858172736476413952
726501415715078195
858297866630987809
669870759170277386
688646130804064278
729457789738418197
404079399487537152
985388059040309299
984569867174813776
937066201023131669
595118371503210497
818816022782017559
718550864876535809
853239344915939328
630030232564400159
581147310298497056
729001228503351337
930505894045818910
667608708401987584
788203355524169728
684129744207609909
755426276583538818
765715278154956820
713075988388511746
713424843961270297
806198132328497204
839509014571909162
802583031877075014
924672959598190652
944341410189025360
455501450605232149
697744688123215923
856742625628520498
401910876539584524
666522551735943210
931966321556586586
893757452812705823
640214422916431892
661590205257613313
662998882342535193
693878884948639766
847295620364632094
642596368593977344
419321619639435286
1034808113422938142
823561711893217281
890744162679390228
749331785653026943
642144748278382611
718050467908812811
999544305863630908
673633013879275540
966086805139128332
546424179373899799
913240178846498826
746484489076604988
683659163175485473
739565335635820545
542801476934696975
598648377420546049
947328693867520050
326831881012379648
970006600939090041
583940816951574529
815141044173275146
749457490306924654
1014272687666909246
805788791931142211
857086069211398226
550328912199155713
370836571538325505
564537203741425685
893467546186055740
996027459520692244
824734471357726780
670963384438489129
476163154859261973
840618900533674034
565571046464552961
621348919430873123
738175123030409251
765349608662237184
709240485461491743
881087598603419649
684356736945225731
392292552553791501
748631974171770980
838760533795536917
992871579430162452
540962901456977940
660768641419313162
886922885690720276
749716406941122671
876412081883213874
279219804949446656
729094814955601950
712343227625373706
227573319216398337
844559733893496922
998524797631877140
938330493592690759
1030624996642525185
852962378181247037
942982710169833584
728358037479227393
867186169066553374
792893185642725398
1002425457658036234
510540698735607808
582022409964617729
1000296747551174686
614987123669467267
760479141253873704
808232986498564097
756891367023837285
781119368825536522
635720981863989288
786199785702948884
1002281990638272542
604459788729974806
441216562867994624
733609510073270354
979066509680849008
469187782397657090
444459101058236416
379343458512666624
705784156528836669
535913952048316447
923816100767080460
647671269793464331
481800114072059904
769766784026279966
918891041535451157
908405076148776980
699977052736192552
948646036304461874
791389151613288460
285008863525208064
692664646330744862
702927203196993609
660531509706489906
766793778110398484
750528693025243227
676480161000063006
899344292227727400
591017686016851992
768592459147509771
746227721822011433
929398797988167711
702988831988908052
603950433001537537
908329725414486016
986274885443657768
902533284691582996
761260600608948264
892349703352635393
571852157859528744
901477104456171643
840604612159209482
987760284796084264
754766096460152893
872349567138529300
760285823773573140
273189243097055232
834912558547992587
1023644379287658568
561260015160262656
880048453999296583
752265654702178366
888741158329679883
718788790088368129
805423152532291634
829843795004096512
798647750026723348
883646228993306705
992777753436889178
522896842825138177
875458775123918920
737248887357702186
391277224688484352
854238389708128276
970488219793784862
367844496194535424
656252371453739008
948113310430146602
709162081928216626
343923054318977026
335231061514649601
714477613225345124
944615165645713479
704995663204843590
992833661491753051
710396403548946435
919913011236454420
1011179876922961981
784915546209779762
996122185200570438
811461880895897661
284809179477180417
794166839348690956
862770350752661584
809490669101645865
435592205416005633
741705842994184215
733419090835931187
985581736987607151
625328670982012930
856113971946192896
612780201067151422
800053205358084136
583717517189447700
1029767637716177057
925751961205211188
817568510179541025
707082753568669767
891380353669947493
857049452602720286
736435393901101166
443305474386034700
281464628280557571
616819580802957322
860983236763058200
1036238692135731311
618089746568183843
647604713352593419
1024564496309698610
749705829472796812
741871763805437975
1014281828850483355
1003658401953357926
720955250999296052
704019493264818316
733672073913696327
1001034423950655528
428094051544203275
723890590672093204
1018197361987694653
709097525851979846
1023000337184993371
726531102910578819
843846269872242758
401131108663558144
990952448640315392
913883147077308426
942438312839348265
564493086361911314
584404169402613760
925014237292666890
883446490977173554
1028612516508602410
640051045535449088
755104560959193089
302349318441009152
744842147789799495
504984192187105280
1012141742407024722
963408702088577074
867105024840695838
759224336208363560
664523019946950669
1010847337297477632
489166687782830087
907261258775011328
790827950244233236
619955290334429245
578736268720996377
781950805250539600
706017840326639617
638807913460400175
741022674142232636
760791246205091870
683989515173363768
575990560880328715
336760186419019782
1044608620572192799
978944586766487592
177987062933356546
458276816071950337
1031632781551345665
541629787819474964
814980474212057088
930780845533454346
850395894646177803
611703947584995368
823689569199194145
654815434734043185
750809226611261461
543486190964310026
859237721573949491
474051954998509571
422783438790066207
648185328108044289
1014549732867178567
929455348690059354
776218478037958689
548168178266537984
655466676925497374
615839685821988865
527547065308413952
557628352828014614
722196398635745312
953897007368527924
412679249443684354
749740360049360936
959276456163303424
679272234740613120
482360395340972032
845915213533675590
648607301359632454
720652983419011174
975843273484677210
923867551514128445
584106156293881889
968022448538787900
805768773625315329
304611873494663169
829755005703422062
953685671678205962
996202786108743681
589334512970891285
880122881672089640
741415789826932737
816991403800002580
745309872505225246
901985369736769547
958771314129264680
903752161857511465
755384727866703944
761262418210193438
499620429741424640
764875351675109378
847179189363015700
977536637254918204
992680978764021831
974254519582089236
798640799008030751
886582680454561842
801479583706251265
856433259860852737
727237205822537788
955550681098514512
235148962103951360
282859044593598464
222286456616386560
